 0.267 -0.583  0.623 -0.690 -0.353 -0.196  0.611 
 0.459  0.517 -0.561 -0.319 -0.306 -0.394 -0.451 
-0.227 -0.223  0.884  0.287 -0.836 -0.448 -0.254 
 0.611  0.181 -0.626  0.568 -0.155 -0.289  0.006 
-0.138  0.167 -0.449 -0.839  0.838 -0.425 -1.020 
-0.147 -0.297  0.575  0.623  0.223  0.369  0.448 
-0.622 -0.458  0.154 -0.217  0.546 -0.302 -0.209 
-0.778 -0.023 -0.604  0.389 -0.404 -0.822 -0.854 
 0.300 -0.075 -0.603  0.005 -0.743  0.505 -0.780 
-0.235 -0.799  0.857 -0.723 -0.307  0.829 -0.659 
 0.015 -0.830  0.936 -0.865 -0.636 -0.938 -0.419 
 0.784 -0.529  0.356 -0.180  0.368 -0.640 -0.020 
 0.065 -0.268  0.051 -0.846  0.100  0.151 -0.022 
 0.893 -0.110  0.851 -0.768  0.640 -0.748  0.238 
-0.562 -0.610 -0.641  0.079  0.246  0.500 -0.237 
